"","neither_mu","permhc_mu","dist5_mu","dist15_mu","avail_mu","somepriv_mu","notpriv_mu","device_mu","voucher_mu","cash_mu","pricenone_mu","pricevoucher_mu","pricecash_mu","s0101","s0201","s0202","s0301","s0302","s0303","s0401","s0402","s0403","s0404","s0501","s0502","s0503","s0504","s0505","s0601","s0602","s0603","s0604","s0605","s0606","s0701","s0702","s0703","s0704","s0705","s0706","s0707","s0801","s0802","s0803","s0804","s0805","s0806","s0807","s0808","s0901","s0902","s0903","s0904","s0905","s0906","s0907","s0908","s0909","s1001","s1002","s1003","s1004","s1005","s1006","s1007","s1008","s1009","s1010","s1101","s1102","s1103","s1104","s1105","s1106","s1107","s1108","s1109","s1110","s1111","s1201","s1202","s1203","s1204","s1205","s1206","s1207","s1208","s1209","s1210","s1211","s1212","s1301","s1302","s1303","s1304","s1305","s1306","s1307","s1308","s1309","s1310","s1311","s1312","s1313"
"neither_mu",1,0.161331211441202,0.134515586082273,0.071714334272779,0.396337486723348,0.150437867731693,0.182261789780813,0.00417431693530951,0.110404353101879,0.0447309055586837,0.269035855138997,-0.110292467729781,-0.122862238301261,0.102033834074609,0.0444382016977175,-0.0198983280324185,-0.0844931686984138,-0.00122221032644677,-0.0324002738977508,-0.0860081833394181,0.0545350760200779,-0.136966198454221,-0.00163125093227305,-0.0573418639152066,0.140870856118193,-0.183508226181343,-0.012719223459466,-0.086886263921517,0.0270964723459739,-0.0431792318649808,0.041472866788644,-0.0740782320395089,-0.110880949133628,0.156387259107494,-0.117254261472969,-0.0346652573223827,0.0415975434901033,-0.0121565055506437,-0.0494329173785312,0.214468150289742,-0.0235033662937252,0.0564524881020922,-0.107408473778425,0.0340502103717471,0.00223427657510877,0.11365186071338,0.0337952570546577,-0.00150874002294603,0.00294012022474028,-0.105530922805852,0.100597277016973,-0.107318937304488,0.137075480189963,-0.0394911019473339,0.0109552517265511,-0.0759912918961527,0.0351687406020974,-0.0941832481933762,-0.127930799899823,-0.0370215614245362,0.00361150018481818,0.135614037819811,-0.0394198469802766,0.0265798729960921,0.0827439322941726,0.0150329432012112,0.0474687396735627,0.114357571080543,0.00338440362685665,0.010290410112216,-0.0304458973487283,0.0647549267199625,-0.0420979717653378,-0.0615172506718378,0.149064733000303,-0.0328205255761629,-0.125223882392069,0.097209686812752,0.0240681170131901,-0.112823088222923,0.133050682319592,-0.117576633633654,0.0494080341474755,-0.0100103016915391,0.0305205517929511,-0.163364270364657,0.0340384146732532,-0.0614874108214049,-0.124847915626638,-0.0123532582989082,-0.0691531428716932,-0.109280307456568,-0.0187776545609157,-0.0282698876223522,0.0444182558367333,-0.0391333448701751,0.0555335913514937,0.0273494589446283,0.00747427372501268,0.112917526676965,0.117083124391316,-0.00725261144017893,0.0408195135164715,-0.0679118165906246
"permhc_mu",0.161331211441202,1,-0.578204986578407,-0.611188861255551,0.48534623135944,-0.0935368533684655,-0.0862601953676389,-0.610509524987329,0.146097177980201,0.453246226574137,0.00922240316171218,-0.140341530654174,0.0102503819361253,-0.424506923836575,-0.559665961947882,-0.404736083499362,0.340750392332253,0.0150745619139599,0.100870534086572,0.348029635600911,0.024584929007547,0.0475843254453617,-0.110760439884971,-0.286368269000315,0.102756562320731,0.383886669602382,-0.226011905612567,-0.299374132557384,0.045039537506863,0.0360744829595989,0.0283050701790552,0.120172174822587,0.349272834194074,0.385861409588921,-0.0215779539199484,0.0406461333655758,0.103739850874378,-0.0613238883929002,0.430771442390156,0.0227332239475162,0.130499065953092,0.524341489067212,0.160819790912766,0.314264961714913,0.633262600456266,-0.203105791350823,-0.387694769130813,-0.356283375279183,-0.515809233457851,-0.189090798460926,0.159066627853129,0.0313752917428255,-0.302819489872197,0.113252528938756,-0.241143042480476,0.389491270483472,-0.00664601235070342,0.285161536985793,-0.225771812974774,0.097305996495051,-0.118426272526773,-0.311948505243002,0.162027739804555,-0.107094405234338,-0.118375925123076,0.233416925749922,0.0454956005437902,-0.31233919247098,0.00471876816796979,0.107791298129318,-0.173097617715163,-0.434523250136104,0.22533501484027,0.0719812485969943,-0.393389216789077,0.31342425326888,0.31834866915032,-0.146140243972257,-0.293131478765576,-0.0758639944767459,-0.0932383102052893,0.184856657356611,-0.0805815383270182,0.021724633222799,-0.219730837150595,0.420582028142338,-0.0663341558078671,0.185230760063696,0.333447069923308,0.0835391305979164,-0.327652574693031,-0.0495897527854148,-0.109270331260603,0.0531171073883027,0.0611137098838822,0.0844850054508103,-0.00938219739381968,0.000894607983414025,0.130388827304023,-0.0920740586715128,-0.211155756120539,-0.284846398469781,-0.2596955332811,0.136935312905568
"dist5_mu",0.134515586082273,-0.578204986578407,1,0.842225927770972,-0.0856218725804475,-0.0187586504376307,0.0334861138598521,0.251065782748893,-0.121014565630919,-0.425471368404983,-0.240144885224267,0.142121364229102,-0.129662849432317,0.141479479626563,0.267184068652135,0.109028845475493,-0.16864187358034,-0.0228454234619837,-0.125633945621141,-0.204864662934002,-0.0406378615720725,-0.170401797728639,0.0680501848177734,0.124710952987471,-0.0411638701114328,-0.20050826970788,0.0057968899238864,0.0665496999235949,-0.0742971750706902,-0.021660484838489,0.00295691198365857,-0.071612360481641,-0.146386416146045,-0.085036331595446,-0.0682300333990843,-0.0393592674915059,0.0290405883688168,0.0657001958297006,-0.167739605304802,0.0912184182645696,-0.0368365215758263,-0.189652627219303,-0.0788434613414458,-0.0498985218276279,-0.240774736647931,0.182931397648653,0.0952799718107071,0.128945132785947,0.140803031018386,0.0754984523019066,0.0193777809578241,0.0644783150095314,0.176160426465465,-0.0996333232036336,0.0793697884221421,-0.209572540184129,0.0013018278807717,-0.0609618064695007,0.0546109505276951,-0.0566902629089785,0.123909518186183,0.273762510362795,-0.108900278319196,0.0588835156371053,0.0634130739399793,-0.111518517028919,0.00146706871996747,0.152167578798569,-0.0448425088191517,-0.0223428542898367,0.133574476088707,0.197639955337245,-0.101327956801258,-0.0289957452103988,0.143568441135593,-0.0895079614950875,-0.116132611802792,0.108302937185919,0.105474181893105,0.0723550272911255,0.0936298622696883,-0.0707191821977027,0.0897012286104102,-0.0620836851452668,0.0654691887823766,-0.22088382238698,0.00938018403931892,-0.039090388327446,-0.231998640341546,-0.0591680720577403,0.047023214264904,-0.0169333510334454,-0.0126215025066895,-0.0317655742904939,0.101219259330653,-0.0842038170571568,0.0469541718844474,0.0353540204692266,-0.0688687977606798,0.0515806198415685,0.106307590020806,0.0901260561074736,0.054346791777953,-0.101491526866171
"dist15_mu",0.071714334272779,-0.611188861255551,0.842225927770972,1,-0.105724802691058,-0.0464765295606874,0.00136421020302023,0.228196140487845,-0.209575692024342,-0.443507111967208,-0.206231575955761,0.166521464781924,-0.0574394059228178,0.154710995016994,0.357677832497353,0.178068565941243,-0.287093335963075,-0.0701305984336013,-0.153251068472942,-0.34216244521769,-0.0993049780937523,-0.248214112429671,-0.200651074412555,0.140844602083582,-0.071518570929407,-0.243853195274836,-0.0432703284677741,0.0772749603630657,-0.0581853367909673,-0.0549026588754559,0.0401430380735825,-0.057437751020386,-0.118912178360146,-0.127839278925375,-0.0504297072613658,-0.0839656908689329,0.0430883387115639,0.050189141438,-0.148003937624259,0.0461459806063841,-0.0156498986321862,-0.228792397632478,-0.0668232123951246,-0.0516325480262077,-0.26754494709137,0.122085780068809,0.105897010381144,0.166342117030841,0.143675194739359,0.103170757633251,-0.0416890116561226,0.0507283804385874,0.290283834627277,-0.125978603133073,0.125330176869855,-0.287505068043355,-0.0139531325104655,-0.103701167981933,0.143827511507841,-0.0435175654758567,0.15497069159075,0.303250697464689,-0.0746858560922823,0.0426697206073045,0.0775082058089761,-0.118782589319513,0.00670817682973949,0.171478166810818,-0.012432212754585,-0.038486491409834,0.118219046993058,0.266600999042053,-0.141975027243245,0.0309611557769098,0.170505273651793,-0.124338323942671,-0.158735826070168,0.107216941604417,0.0918311228879388,0.080288168711151,0.0533997059046446,-0.104673956503285,0.0939398520406503,-0.0501202226540148,0.0771707905797503,-0.287482511076437,0.00155665278613735,-0.0834221617261322,-0.266314456293735,-0.0724891587423177,0.049065883300757,0.0648762380200134,0.0142211695497086,-0.0203414527538171,0.0357489611242511,-0.00667738741003203,0.00993196980201943,0.0354152149123935,-0.0552164217215816,0.060965887800488,0.100723235876195,0.112919382310536,0.0976180857250235,-0.0623222174485127
"avail_mu",0.396337486723348,0.48534623135944,-0.0856218725804475,-0.105724802691058,1,-0.378666159284877,-0.266491997124615,-0.465289542170687,0.231458435947869,0.0748180363299676,-0.0408400135904202,-0.0105005079403876,-0.286017770168375,-0.350194815465547,-0.363000069073067,-0.321879806660902,0.209989883079206,0.00454770276630779,0.0158134993106667,0.170982222458886,0.0757019625949386,-0.1417742576162,-0.127698128781221,-0.347402384910195,0.141522943339088,0.0707510086550712,-0.461838716980874,-0.0835078036100242,0.144180949430596,0.0846409440739062,0.11775339243621,0.26709655619533,0.132466107973725,0.231354308266159,-0.0715351627717957,0.00954399769849773,0.210734943395653,0.113387588390993,0.291823912012343,0.1130477394644,0.0457377478290096,0.381676024534132,0.040096408635374,0.326939909831034,0.473022621144889,-0.148113538111495,-0.259577920049298,-0.226490161196418,-0.372890999265728,-0.16827449689574,0.136581111406365,0.0773777059197083,-0.103878629271649,0.0671187856710433,-0.126104390247665,0.146593810432644,0.0127538407880007,0.19968449880401,-0.291313280603434,0.0136427960966787,-0.0424130372581825,-0.0719612111685653,0.0302338140472022,-0.113519528438284,0.0122259653785794,0.152806049312178,0.040982104971481,-0.202107651337978,-0.0720237289277169,0.0427212962550726,-0.0743665726069473,-0.24709765116344,0.0644106214807873,0.1016750293264,-0.306777048704389,0.241231501048198,0.230355684402417,-0.0984432280536969,-0.249122995592381,-0.0806149269404252,-0.00361763613042517,0.0768536183104424,0.0179213320492744,0.017047287993459,-0.103037505555462,0.168888448833292,-0.0240752759284547,0.115230581137659,0.154017494820346,0.0832828937816581,-0.321633318492121,-0.164032584704088,-0.117374340035821,-0.0116465879952004,0.148126945960696,-0.040542069562033,-0.0555394566542946,0.123147472990468,0.0399037043848561,-0.0769028054341501,-0.125412709619669,-0.261026620471154,-0.248745388702327,0.00459747646157728
"somepriv_mu",0.150437867731693,-0.0935368533684655,-0.0187586504376307,-0.0464765295606874,-0.378666159284877,1,0.64925964780877,0.186776052405087,-0.184497556349131,-0.0525399946075098,0.192160209995464,-0.167994835005552,-0.0120956517095856,0.131508376624803,0.180593537535021,0.102460512130515,-0.129521216941263,0.0406828887716413,-0.034843690549703,-0.114940897764769,-0.00715617842958326,0.0453367601471547,0.0602872323547826,0.207511118643902,0.00367687754050173,0.0100277870842562,0.24744104954826,-0.0316574063124809,-0.222756110935837,-0.156600749321134,-0.167005146892167,-0.402428804242852,0.0681040149508776,0.0217525181722237,-0.0902601564502522,-0.0566071959761177,-0.15474372914791,-0.303568663289523,-0.0464423757645059,-0.0282809265398961,0.0696598988901156,-0.0975281379072125,-0.0354480572292169,-0.150222902969589,-0.159395331351133,0.0453151184304768,0.0870119383925251,0.0518257340864414,0.130775346320342,0.0740062657260338,0.000998034926049045,0.00495157713889751,0.130162610339069,-0.0106713733245198,0.0406253194495027,-0.0683759241094693,-0.00195854717952874,-0.0742148306223374,0.203604238590597,-0.0399203623417309,0.0268094519431772,0.0685464083957286,-0.0037384232583305,0.0272450035001632,-0.027846866951339,-0.0372365303294551,-0.00657153248110247,0.0574328309539983,0.0625809874244214,-0.0287723426105971,0.0360466361555474,0.0720460463366047,0.0640302926850066,-0.0909352849897043,0.10349755688997,-0.100578579121718,-0.126920146487203,-0.000648670171475532,0.0978996143503939,0.0317250404993139,0.0421801189272361,-0.00249138380323091,0.043159677988175,0.0077298599049052,0.062710770648883,-0.0743583579184443,0.0225827246049368,-0.0375908117092375,-0.0392047551995301,-0.0895908974125332,0.137347374699517,0.184256959872375,0.00352381234991314,0.00811101514790864,-0.0203271929768122,0.0166162979433447,0.0551392178299297,-0.071842300415007,0.0155033439152896,0.039353659368072,0.0433033119716939,0.0183311730590238,0.0965101372970803,-0.0248632594705101
"notpriv_mu",0.182261789780813,-0.0862601953676389,0.0334861138598521,0.00136421020302023,-0.266491997124615,0.64925964780877,1,0.162000375341016,-0.166277350372711,0.0446153792369561,0.185241558280566,-0.163700384561823,0.0478694925440989,0.0546104589608166,0.137745839347433,0.180460713722849,-0.112193851388949,-0.0494944178248553,-0.00281317183593736,-0.12486756547736,-0.109360840110565,0.0901231028656689,-0.0451779565564593,0.0297914798681485,-0.0323270287793664,0.0937493834942241,0.127186398303125,0.0174179325183069,-0.118738258153806,-0.0689880448295404,-0.188103675738701,-0.255570320229086,0.0494862333402413,-0.0589974643597538,-0.0637058285829978,-0.0268378940777442,-0.295338562606599,-0.463470250695576,0.0631592401717015,-0.163905424411268,0.175423947968792,-0.0535454876521194,-0.0147961177574416,-0.221297569896127,-0.102526796790777,-0.00550353999708864,0.0520931451800789,0.082738184727949,0.0910146788557457,0.109180713837772,-0.0903497067409429,0.0288035596101723,0.208235506018053,-0.0643208457687266,0.0382252831145928,-0.0770513072968232,-0.116878415641554,-0.0782813554817305,0.285635986110746,0.0384777672053751,0.00535592914481776,-0.00753820049903564,0.0773417721890925,-0.0145272780013406,0.0104276725328513,-0.0458578878033914,-0.0320176108856307,0.0213539416213505,0.0816813367697957,-0.0347598152566347,0.0614567038115944,0.0809907992162909,0.0195272267449493,-0.0178999422692173,0.0614216783469201,-0.118275064934242,-0.124503477567888,-0.0403437830035455,0.0922627193176927,0.04672783322985,-0.0457697825187084,0.0563595083486301,0.103354348993364,-0.0346850010073339,0.0258587206981987,-0.0587674205745635,-0.0806539135463642,-0.0465121517853587,-0.00411749992781098,-0.0632660794847592,0.180060569085819,0.246265348111794,0.0866716031638269,0.00780118470641122,-0.0860150592459485,0.110279893899543,-0.00955167801324834,-0.0291704462430183,0.0184670727032461,0.000595419436848817,-0.00115153392894232,-0.00975139240816012,0.107628207489986,0.00538686969715961
"device_mu",0.00417431693530951,-0.610509524987329,0.251065782748893,0.228196140487845,-0.465289542170687,0.186776052405087,0.162000375341016,1,-0.251690092307456,-0.328193543452346,-0.0178832791899985,0.0625922230723061,0.194869041825385,0.428406516296749,0.516980871205317,0.475551827909406,-0.318317472735505,-0.0458921691895088,0.00794842525801179,-0.310346567564633,-0.0586093636579464,0.151031828181798,0.140925541739043,0.268253384570864,-0.17441279505056,-0.305503248318811,0.289903595353877,0.264432949937588,0.0510625343540964,-0.0331277473819076,-0.160463374787921,-0.179897510753845,-0.315946409941622,-0.412457213151433,0.169381222601706,0.0366561313942457,-0.227434331318832,-0.00903043326045468,-0.450927334967478,-0.0858875839019467,-0.0937000906548882,-0.611805008989811,-0.19824458034908,-0.523316608531417,-0.768018457710409,0.249998586661989,0.471341322490725,0.376363538683256,0.556941330168071,0.253537456179531,-0.200735195026946,-0.0533372371066413,0.30701595451977,-0.0750726976689136,0.198897596715011,-0.359129990856216,0.00257020658184149,-0.326378999958806,0.349684172987698,-0.0543615071718893,-0.0163521978071574,0.234887081572873,-0.0657754984317468,0.0833451956333101,0.0812696118267842,-0.214973328594819,-0.109857348014867,0.24474123477436,0.0667008446957481,-0.0458447561973081,0.114833320968251,0.496860729634762,-0.149400539484957,-0.17165571187097,0.409866850776618,-0.342717002246518,-0.438191245624385,0.161641078457957,0.338231122289275,0.0861105241598607,0.0344367358420154,-0.0958982596701505,0.043989350219334,0.00532262256646342,0.186675588075597,-0.361226647572479,0.0550132472891797,-0.175952735788762,-0.249611826801229,-0.0507319409209206,0.494181087550801,0.142798327418013,0.14325285075559,-0.130597379953161,-0.189360550230983,0.0315743612528406,-0.01054587571597,-0.0455292289325963,-0.105205613811663,0.073875937281447,0.143892350153638,0.390424418099693,0.375865191907104,-0.109000752723293
"voucher_mu",0.110404353101879,0.146097177980201,-0.121014565630919,-0.209575692024342,0.231458435947869,-0.184497556349131,-0.166277350372711,-0.251690092307456,1,0.00794165261116651,0.113607526822746,0.660412022736771,-0.399202594216692,-0.119895547038158,-0.236136538544714,-0.145931008401501,0.233771987429053,-0.0133958668830665,0.0316081130725341,0.229928454386115,0.0115648672208765,0.00986606894271445,0.133950782444027,-0.0863421363085441,0.0636491828287478,0.106805216153289,-0.0567957996088944,-0.0293026584629445,0.0362975397582148,0.0609596157858057,0.0879602816345434,0.113685160578058,0.0415032398126697,0.100148338288494,-0.012879658187235,-0.00795956399571746,0.11998021764428,0.0622855070728959,0.0955860762270168,0.00963743920714253,-0.00682445352338939,0.205116617926107,0.0657240326288304,0.192001039109358,0.263694308434967,-0.0945119948326132,-0.125260965213088,-0.16082452087507,-0.16394562425969,-0.0919839499223354,-0.0745764473481338,-0.150325948036333,-0.449798354596367,0.240634320254788,0.0109556174025399,0.194188195053395,0.00121759359349965,0.101374094237576,-0.247121823629621,0.000332481327504747,-0.0200607950751125,-0.110396431025998,-0.0359271752181214,-0.0714615187067814,0.0847167202270158,0.0472783234136778,-0.00779896152391794,-0.0287390170035575,-0.0898809686758999,0.0159768489726635,-0.0617019138232129,-0.221522921079557,0.0662277232094939,0.0396271424407693,-0.0486198031060542,0.0891787180273182,0.16699720212171,-0.0515467467044557,-0.101873001591083,0.00362558446556211,-0.16537949481086,-0.0917817895360698,-0.354094985295667,0.225100150594682,0.0391221977865193,0.140444977630358,0.00811169083628085,0.0440865169451546,0.116997372168673,-0.0636964802651364,-0.0646521970327522,-0.177487227351942,-0.0612977798362098,0.0559785666641232,0.102125506600941,-0.0953407296807099,-0.0520137526596943,0.110798562905615,0.0156019502530576,-0.077789025918697,0.0125896891074537,-0.180313088232331,-0.146028179788406,0.0186272524176231
"cash_mu",0.0447309055586837,0.453246226574137,-0.425471368404983,-0.443507111967208,0.0748180363299676,-0.0525399946075098,0.0446153792369561,-0.328193543452346,0.00794165261116651,1,0.300937945894878,-0.394332596488019,0.59279721227709,-0.264250290842244,-0.358514468689303,-0.171276636587715,0.252126978792421,-0.0110975924970696,0.144396005469819,0.247068129864633,0.00240294535359391,0.178501729266157,-0.0304108308021249,-0.26420734370202,0.0541098498383075,0.280300815047643,-0.0462860104815083,-0.186164737611302,0.104858099556982,0.043842808385308,-0.0151202799301309,0.105867470784842,0.177279177289771,0.156238797068042,0.142001212996933,0.0348214203176714,-0.0264131822457617,-0.0833645557416948,0.244797927566735,-0.0547591087041072,0.0987039646182632,0.274870579596707,0.109529406591093,0.101528259183243,0.375642075011562,-0.182621629247667,-0.204858729883041,-0.214470484736936,-0.254361204846362,-0.146749119683285,0.0504512840225301,-0.0503890572230562,-0.187234595220619,0.0598015384073064,-0.130840930319073,0.299601030496817,-0.0563348373039843,0.0539165697738584,-0.101695111677262,0.1168420799696,-0.137865293056453,-0.515024415304374,0.256715806061265,-0.0259185053040294,-0.14943390819074,0.157178589762887,0.0420777352653103,-0.247555116870165,-0.0294955371402282,0.0574959613855016,-0.114054739772733,-0.334753701609344,0.207213699263242,0.0365370999010983,-0.24526302967596,0.176069350617378,0.190673566557862,-0.159113512140343,-0.121441686353235,-0.0934395918965113,-0.0754791002146735,0.110073382668218,0.0111878904365904,-0.0807846972999926,-0.132516481357524,0.330255182030919,-0.0804337013221878,0.0139582997892584,0.289302063060771,0.0554860427906186,-0.0682432187276281,-0.00538231865165616,0.023813957305472,0.0170559569220925,-0.279762785190991,0.184001606835644,-0.00868546599472205,-0.0698580551187872,0.128484897732433,-0.0429441222813271,-0.200412558039243,-0.140230732791081,-0.101554889330933,0.122682216374476
"pricenone_mu",0.269035855138997,0.00922240316171218,-0.240144885224267,-0.206231575955761,-0.0408400135904202,0.192160209995464,0.185241558280566,-0.0178832791899985,0.113607526822746,0.300937945894878,1,-0.348023403614527,-0.0485621403436717,-0.0125813350489505,0.0767728556951714,0.111388423573526,-0.127381719451197,-0.0263951836148847,0.0823431328708556,-0.0995451982176014,-0.0473645473425986,0.07202169259311,0.0548199626198453,-0.0600582358170803,0.0515848527613178,-0.012426926168031,0.0505321789519966,0.00543883232305689,0.0488020598134721,-0.00421675813883212,-0.0374431064176824,-0.0157027517479262,-0.0601546379338689,0.00735994273821498,0.0414156063750987,0.0232590297775005,-0.0599014538797205,-0.0509466428958625,-0.057858213581701,0.0604865623358702,-0.0347429592676875,0.0152228153724075,-0.044648425230143,-0.0990559583435424,-0.0338729652076087,0.0659548245207156,0.0541424043966434,0.0376910016345187,0.0729828927308672,-0.083932306783836,-0.00337136294785858,-0.0959172859185629,0.0423460842193366,-0.0365441545587167,0.0485425955625438,-0.00871264983224967,-0.0071925403369034,-0.0514211645972024,0.0137077192708831,0.0432649532667778,-0.121500390184108,-0.0360949281837413,-0.0182151894704812,0.0603019802843677,-0.0487004624549531,0.0434467939795215,0.122466913139677,0.0215364734229669,-0.0271479153911053,-0.069111299399204,-0.136080673612862,-0.245226197261113,0.156105064660911,-0.02809769479347,0.0799288762634176,-0.0746305245504757,-0.18234382984436,-0.0771485850718441,0.0859132265380269,-0.115732710938138,0.0576699345089921,-0.0730369542564273,0.115110963109654,-0.0858775671738427,0.064538846486155,0.0167979699517829,-0.010577382808274,-0.0701230421527541,-0.00326424838114966,0.017539534365602,-0.0512275794948392,-0.00660104574189414,0.101826580518414,-0.121684120634852,0.00169767963687616,-0.0669781777193691,0.0512294192665424,-0.0437268691571066,0.0338230573296713,0.124910700108592,0.049017653534364,0.0588365844643683,0.0181501719081052,0.0267102374398675
"pricevoucher_mu",-0.110292467729781,-0.140341530654174,0.142121364229102,0.166521464781924,-0.0105005079403876,-0.167994835005552,-0.163700384561823,0.0625922230723061,0.660412022736771,-0.394332596488019,-0.348023403614527,1,-0.17962980651149,0.100541275513974,0.115703193268209,0.0848441198712089,-0.0026817496393163,-0.019607101236886,-0.0562095269882555,0.00900079498569985,-0.0402792112520158,-0.0358407342980257,0.0174857087443399,0.095753886377156,-0.0897150991610619,-0.07798565630731,0.0334618633198093,0.153074160496729,-0.0150294021347984,0.0301111353925697,0.0245121103238752,0.0114096440550649,-0.115037903107977,-0.0931620487272372,-0.0117155032157163,0.00894398273616422,0.0375657458129699,0.0991369699761715,-0.132482571085321,-0.0560573102176433,-0.0370726726815566,-0.125119473810593,-0.016300861287241,-0.0219920414461339,-0.131010413484312,0.0541495275983172,0.0604728124877352,0.0690454616982554,0.0804787211317721,0.0381772231303725,-0.191708610922357,-0.135309879669089,-0.196283204810027,0.12636432258535,0.159172864835327,-0.0685476828404958,0.0405455216230737,-0.0273900576595036,-0.0302724913905749,-0.0100258156851702,0.0799636932742696,0.109023655310788,-0.146201515058618,-0.0349945654799044,0.149455781282254,-0.107000982107438,-0.10211965255884,0.14095242902249,-0.0551063752804401,0.0105362217144376,0.024708602966665,0.167796100448436,-0.181455443680065,0.0238582262636769,0.194094494159991,-0.0779929816897296,-0.0446458356451418,0.0637661933650865,0.062123365199868,0.111864457673463,-0.161625725296388,-0.173987519936756,-0.375685532036119,0.248284618368315,0.1659484401506,-0.14438112135342,0.078961599387756,-0.0295603937473673,-0.141427504877618,-0.140201436831078,0.150756696198352,-0.0188570398278594,0.027856642856142,0.0546461373914775,0.0181248923885159,-0.0958726600641769,-0.053951747792428,0.0763231201409769,-0.080428258051883,-0.0717080400337635,0.10332886035681,0.00295756262941382,0.0667009974509194,-0.0915090673722484
"pricecash_mu",-0.122862238301261,0.0102503819361253,-0.129662849432317,-0.0574394059228178,-0.286017770168375,-0.0120956517095856,0.0478694925440989,0.194869041825385,-0.399202594216692,0.59279721227709,-0.0485621403436717,-0.17962980651149,1,0.0971471737391887,0.184977639783452,0.167697897690804,-0.144148608852734,-0.0142316283436951,0.0328085668284704,-0.0943317445889391,-0.0639036134020587,0.129284412976348,-0.050617568946491,0.0401563548291408,-0.146063048420649,-0.035013015216311,0.140178780627727,0.0451488552264699,0.0807926868814978,0.0254667042707987,-0.0750130276110387,-0.0177859926295702,-0.122470028712891,-0.0836791932333609,0.164204324769898,0.0897921012540218,-0.135591607856273,0.0475600319319814,-0.169032316481848,-0.0223560763486762,-0.00670161125440343,-0.212019506184924,-0.0388306754037398,-0.232563303062667,-0.243305488524839,0.125623605795778,0.127810511154639,0.0955733008427154,0.172038064368574,-0.0383150956210917,-0.0610841399805039,-0.0597720300202309,0.13482690171005,-0.144632191731764,0.065727941119366,-0.0558044456255521,0.0642413408476755,-0.178513538734306,0.141049478549126,0.0884861696717075,-0.0458916532427777,-0.202760790974204,0.0974333343342657,0.0922634311011284,-0.0707151362107614,-0.0278280301917197,-0.0466073425512295,0.0138205910122901,0.0140146189348876,0.0466512346522877,-0.0112450447953148,0.159572603221056,-0.0897766347424584,-0.0750686814847206,0.151864824028622,-0.0997383554453875,-0.159682775825909,0.0183506394907829,0.17003519375153,-0.0344073247384733,0.00679229162526045,-0.0243277022800327,0.0596700492040338,-0.140635765783594,0.0467909066143402,-0.0547581272096619,0.0674713016669923,-0.119652558759069,-0.0832889063678695,-0.0165692672362319,0.178183633560756,0.120742365709653,0.139533216361929,-0.0580965633772744,-0.424049808469599,0.156114174836533,0.064828962638391,-0.130805207282352,0.0284510251350479,0.0340263303338108,-0.0443038877489087,0.196044199270089,0.229518994692365,-0.0678455119927841
"s0101",0.102033834074609,-0.424506923836575,0.141479479626563,0.154710995016994,-0.350194815465547,0.131508376624803,0.0546104589608166,0.428406516296749,-0.119895547038158,-0.264250290842244,-0.0125813350489505,0.100541275513974,0.0971471737391887,1,0.502831951999407,0.310291005564752,-0.125744604200326,-0.0210046360046073,-0.148608252537481,-0.122094439262305,-0.0511911429645147,-0.0755960699216878,0.1169392058804,0.57082956187035,-0.129293580569117,-0.295591226567191,0.302345832056242,0.172389671959721,0.0358227618278608,-0.0676441140020912,0.00797834031695755,-0.166018997818966,-0.28161610033136,-0.165741025644142,0.0965801277098344,-0.025995188006971,-0.0577481163174709,0.0408492665804217,-0.330039730497311,0.0651802266159283,-0.142077678358738,-0.247558003933622,-0.117325858215566,-0.218455260123847,-0.515498642102618,0.182173932036283,0.340298830949491,0.250150548811085,0.411847258387726,0.231727396834031,-0.0851310111994922,-0.0734721385869076,0.20450981175947,-0.0672055047160289,0.187087765956301,-0.238438502428458,0.0502929256695391,-0.242367102460825,0.140229578708975,-0.0128567591748549,0.206182131971735,0.264599109765321,-0.119259361308295,0.152132968823105,0.100313852091857,-0.199558276420898,-0.11845354236131,0.307242702234205,0.334910540670856,-0.0642471132462455,0.136468255967449,0.321610429798684,-0.210258574851572,-0.101688744870063,0.446911663395447,-0.2173852514986,-0.167949608447248,0.134296412654653,0.310460101575631,-0.0848547776602328,0.0810112971568768,-0.179153301592554,0.0232366846921918,0.0653218021848008,0.152049586753993,-0.338990941089843,0.0787006335335948,-0.175964282130858,-0.280165661619158,-0.152605076835799,0.247719021247248,-0.142902958520566,0.118433296349282,0.0777095215619168,-0.0401082010149071,-0.0281767116173893,0.0822610831932741,-0.0615381259311953,-0.110021687545569,0.0250957992965137,0.23378367373286,0.204599590452192,0.289128151031139,-0.113784359135126
"s0201",0.0444382016977175,-0.559665961947882,0.267184068652135,0.357677832497353,-0.363000069073067,0.180593537535021,0.137745839347433,0.516980871205317,-0.236136538544714,-0.358514468689303,0.0767728556951714,0.115703193268209,0.184977639783452,0.502831951999407,1,0.318929575681029,-0.742559118066214,0.0861260491898121,-0.119485712744893,-0.672718552657013,-0.00274983306571331,-0.0839778793096189,0.0229252355248339,0.494746912772686,-0.189322603903027,-0.380110839706734,0.25864517055418,0.250689512753095,-0.0810178893644979,-0.0556512980513591,-0.0467908180979084,-0.225578106270403,-0.384056295742583,-0.213222110689926,-0.0499957682181264,0.0176066064283356,-0.0934058995290645,0.0729610065791926,-0.450487525812195,0.103805095358327,-0.160655322400161,-0.507638685151584,-0.123948510724531,-0.348654855222578,-0.665671391873657,0.376242238272483,0.389475665361144,0.326349087843555,0.479842219029213,-0.0521496712747727,-0.0809932513884853,-0.0664921163138625,0.399625967621364,-0.25620464322815,0.256346457379248,-0.439777267492715,0.152241344974128,-0.271605919572896,0.281294077795195,-0.0664753169343926,0.136521531274626,0.400866902441849,-0.257733885288658,0.188822992582461,0.101358115637408,-0.24567328656959,-0.044132778272695,0.364809015415987,0.0449978453606303,-0.0587800484067639,0.105046278721527,0.438491953047887,-0.295471591577413,-0.144501181389596,0.508878379143721,-0.336801590335522,-0.36711789904594,0.189288897611574,0.339780759817705,-0.0616310680416637,0.160391724354571,-0.223218644237705,0.13164280987646,-0.102133248888716,0.242673087487434,-0.487050185409643,0.180110534386594,-0.211990321863132,-0.501314644563792,-0.102765444088449,0.177609193736177,0.216609791505205,0.116939828747874,-0.0655075099773528,-0.0355002146820581,-0.138068023660771,0.136840627733766,-0.071420398461347,-0.16920337315124,0.131360501873185,0.266468988935618,0.344905502490408,0.275994986863127,-0.222501367651575
"s0202",-0.0198983280324185,-0.404736083499362,0.109028845475493,0.178068565941243,-0.321879806660902,0.102460512130515,0.180460713722849,0.475551827909406,-0.145931008401501,-0.171276636587715,0.111388423573526,0.0848441198712089,0.167697897690804,0.310291005564752,0.318929575681029,1,-0.230432447269816,-0.606703541938909,0.0796846146566661,-0.208759249916707,-0.609479506607141,0.164085082454161,0.0302304950687939,0.101660231164957,0.0600073626443895,-0.221916792219364,0.232316421718381,0.323384515034397,0.0358302296945376,-0.0350793332701228,-0.124386292543642,-0.104781476045846,-0.277906414706497,-0.265602604259315,0.102484218372567,0.0134048326863809,-0.18811828306396,-0.0708341011643388,-0.315884958571015,-0.161628849249683,-0.070422119422239,-0.320848737236241,-0.241361136128678,-0.343153240228087,-0.542866374170625,0.0809621491509615,0.352298236562031,0.256425422808043,0.452909275088841,0.227878752067427,-0.345760854981013,-0.118313753916035,0.272728706442655,-0.0708426336388569,0.178235321728396,-0.263070058235745,-0.131266353168096,-0.222023077423181,0.306972798747505,0.191043918961759,-0.0131672677949137,0.181244556676833,-0.0254747377747603,0.00766967736335486,0.0766531444132545,-0.194611640993198,-0.0669656791589467,0.195932638606838,0.139502189476896,-0.144996424159821,0.0392282264334714,0.312874462351054,-0.180431391137464,-0.0837595478915304,0.307660216866984,-0.324231100240392,-0.249080501014712,0.0481067307175806,0.254692526253306,0.0762294723060339,-0.100563922971074,-0.125441981628575,0.0305469121990104,0.0325878421801229,0.162365873372633,-0.270280223078047,-0.0841068103241216,-0.152030423634418,-0.115950351242852,-0.0624084379343564,0.323746940689287,0.149830491517655,0.393736025634912,-0.0662646553227464,-0.133435578650059,0.0529195613170767,-0.0634460253028601,-0.0167442086597891,-0.0866717425240817,0.0742629893014009,0.147306110681283,0.293663307232662,0.308377115698886,-0.0202904577777326
"s0301",-0.0844931686984138,0.340750392332253,-0.16864187358034,-0.287093335963075,0.209989883079206,-0.129521216941263,-0.112193851388949,-0.318317472735505,0.233771987429053,0.252126978792421,-0.127381719451197,-0.0026817496393163,-0.144148608852734,-0.125744604200326,-0.742559118066214,-0.230432447269816,1,-0.0764745480336797,0.0318489645694795,0.88876637577134,-0.0117100852708197,0.0662091526804291,0.0455570634137325,-0.215895609172452,0.11348057739703,0.264414848505282,-0.131444239632434,-0.162326388005571,-0.00669337018206335,0.0318931062427069,0.0301975136447024,0.165427031629028,0.273643622176481,0.135770859649546,0.0170617159441867,-0.0363848163519984,0.0710737682206628,-0.0358913065702245,0.344260029606794,-0.102671527735856,0.0953715721959117,0.330117335837519,0.121055375731196,0.286795227904478,0.456434744869501,-0.327921668748995,-0.288882801268698,-0.228283287729102,-0.350799717669661,0.0159714301157777,0.0240036805462328,0.0494717904341414,-0.326840368111798,0.278170644103871,-0.158726706966604,0.333107661015068,-0.102911426612878,0.153458013248087,-0.340049025473646,0.055988048040222,-0.0224489756896092,-0.349635249860843,0.210930549877386,-0.141368692030298,-0.00701910699791714,0.135095923565474,-0.0634828898526913,-0.244719831439606,-0.19273927950806,0.0650561564480774,-0.0233221960091746,-0.330400008617925,0.200975656925927,0.124267258990549,-0.31341052500842,0.278123360076677,0.336156448320887,-0.171395084640884,-0.209493727530875,0.169065907934346,-0.171911775405744,0.156533963874741,-0.128565139368527,0.180095860999208,-0.165284178578131,0.344709485728416,-0.121185687144942,0.110365832033396,0.35675780972622,-0.00510971640995603,-0.0668042445986769,-0.198777436674689,-0.0909171063098991,0.129003694261037,-0.0221874198093883,0.121683089804407,-0.11743659904719,0.0928384762013907,0.0878918874052134,-0.17748276292879,-0.195874212593761,-0.276121589918665,-0.177701660862421,0.126898425376666
"s0302",-0.00122221032644677,0.0150745619139599,-0.0228454234619837,-0.0701305984336013,0.00454770276630779,0.0406828887716413,-0.0494944178248553,-0.0458921691895088,-0.0133958668830665,-0.0110975924970696,-0.0263951836148847,-0.019607101236886,-0.0142316283436951,-0.0210046360046073,0.0861260491898121,-0.606703541938909,-0.0764745480336797,1,-0.109589366583508,-0.038502039003006,0.812066819757259,-0.0849015800091612,0.0246284028006351,0.0860959815156005,-0.141893475561966,-0.0181982717896406,-0.00722417604094024,-0.013252190502092,-0.0875789241477054,-0.0464570714497421,-0.0102260874541877,0.0327336670861104,-0.048938906435323,0.0223180489582579,-0.085107161067453,0.0023780659456863,-0.0240395336555135,0.128036860115436,-0.0959917789890382,0.135868809822996,-0.0344482947813215,-0.0510219563256397,0.0718342838107047,-0.0424376327470401,-0.0015952120191455,0.1839185548943,-0.0401383744580606,0.0452204573682263,0.0228038173707148,-0.109544427674576,0.134875953869904,0.105633816097462,-0.0205977747811872,-0.0830036205392142,0.0778184101920966,-0.0462402770839055,0.185769032501125,0.0645950759321675,-0.0937400984607031,-0.298828117575842,0.024636993151183,-0.0077152595064158,-0.134795145595697,0.0915099689418199,-0.0550216445793191,0.0474748507591572,-0.00978147795950703,0.0251441624647937,-0.0696872514660706,-0.282139411520326,0.0626751881255626,0.0277238201264876,0.000364195127513322,-0.0128486836826657,-0.000268710907726103,0.0286456644544143,-0.0451737885369532,0.0737748611268172,0.0125520573710942,-0.0539603232800929,0.301253282060747,0.0178341690448194,0.0419065306108944,-0.087719966705372,0.0955102580836167,-0.0408688799968116,0.181296444562611,0.0821141507312867,-0.13939192010501,0.0358218005213339,-0.0706562816381648,-0.0457528790677716,-0.1569941930746,-0.0350546012749072,0.0526366730220486,-0.156321500903423,0.0852000858112729,-0.0591217455142959,-0.00829659334469878,-0.000674522227092438,0.0372028818835176,0.000641018471810864,-0.0436077243296367,-0.029930067046212
"s0303",-0.0324002738977508,0.100870534086572,-0.125633945621141,-0.153251068472942,0.0158134993106667,-0.034843690549703,-0.00281317183593736,0.00794842525801179,0.0316081130725341,0.144396005469819,0.0823431328708556,-0.0562095269882555,0.0328085668284704,-0.148608252537481,-0.119485712744893,0.0796846146566661,0.0318489645694795,-0.109589366583508,1,0.00950445432856455,-0.0867623959710246,0.765052752422003,0.0401107872678005,-0.109425324123774,0.106069455013327,0.0594382870736482,0.0849545270768031,0.0149510710294496,0.0803138968285814,0.0433778309581705,-0.265114854282742,-0.0146476681507651,0.00834794061819727,-0.00920063363553335,0.0712887069493974,0.100329914879673,-0.179289739091251,-0.0643514559703361,-0.0216054894147822,-0.071423927221499,0.0203328075989753,0.0676788763918297,0.00635092698752843,-0.103273046497898,0.0445614038845726,-0.0773743817498461,0.0486874990669426,-0.00720062772750628,0.0206682442763101,-0.0297522422010294,0.0274756123716561,-0.157821387688918,-0.0668895882041178,0.0851723055862326,-0.0629954920322189,0.0493413806762207,-0.0444991792228308,-0.0302867255425315,0.0551319163310136,0.0388647881191465,-0.388674351809102,-0.17447158923518,0.150517441559372,-0.0465513557552264,-0.0386757423353048,0.0925801755814764,-0.031280267008888,-0.123804298920802,-0.0865102359258557,0.0550727999457425,-0.546958852750409,-0.0857829899611298,0.105589600172322,-0.0470160988363907,-0.118736377445487,0.0190256692421924,-0.0864710433921596,-0.026220764354861,-0.0879863684060846,-0.0376336867920191,-0.00404510924512098,0.295237919829095,-0.00411717728596829,-0.01369119130451,-0.0206358961021879,0.0819396574740772,-0.044423693307846,0.0342451240987581,0.156944030597736,0.177509364001722,0.0778123735263399,0.104863426019461,0.0233423740301627,-0.00645278110949407,-0.0789458163196276,0.0855669354962264,-0.0511192391085426,-0.00853908874882131,0.060373767530191,-0.0187554193852789,-0.0811247467450686,0.0962618325172976,0.028481554519323,0.0285898519744215
